2,4
0.22756,0.25278044,0.48988393,-1.18134665
0.67418975,-0.71439397,0.16078517,0.23755501
-1.15598178,0.92756152,0.36479726,1.84933484
4,4
0.02987952,-0.10074133,0.28434512,0.60149843
0.3416748,-0.023184,-0.50375819,1.08276379
0.45381171,-0.62354493,1.28979099,-0.06075748
0.33328947,-0.33840472,0.24394189,0.37111542
-2.36100721,0,0.46411127,-1.19137943
4,4
1.75417626,0.687882483,0.315973043,-0.205913901
0.681781232,0.629540384,0.776485622,-0.842850864
-0.360191375,1.31572258,0.279929906,-0.652350247
0.000294514932,1.51457417,0.421295077,-0.188612401
-2.49553466,-1.72030532,-2.23399854,0
4,4
2.04890537,2.32183886,1.48565209,0.48035944
2.00928259,0.98544282,1.50857925,0.24620301
1.13056803,1.34691656,1.37896287,-1.51064754
-0.78919011,-0.68048412,0.51202923,-0.17337173
-0.19742721,-3.5747776,-1.97864687,-0.10591078
4,1
2.16220498
2.70666146
1.77305233
-2.30888915
0.91816509