2,4
0.77994365,0.81669486,-0.91411728,-0.71305448
-0.99452651,0.89116222,0.59455687,-0.77889985
0.11153838,-0.22020192,0.09241404,-0.49368367
4,4
0.12923713,0.31506705,0.8813228,0.34737769
0.18678577,1.01884425,-0.32640556,-0.93872923
0.15382272,0.36130199,1.01699591,0.40034142
-1.36339009,1.06283236,-0.79560834,0.0614942
0.8312335,-1.39501226,-0.69682014,-0.97887236
4,4
0.08838189,0.08165234,0.47104993,0.44670323
0.97128052,1.08393395,-0.11482327,-0.50799274
0.46250945,0.42001024,-0.09694354,0.78773749
0.15273997,0.15105732,-0.32870084,0.32473835
2.47291636,-1.98783803,0.24414791,-1.01893139
4,4
-0.69766492,-0.52204037,-0.40247262,0.92050242
1.26062262,0.88350147,0.0592593,0.96167421
0.1207888,0.3104094,-0.06117779,-0.77869982
0.39085424,0.25861308,-0.21574068,0.73287576
-1.75501943,-2.16953921,-0.02941229,-1.2284348
4,4
0.84622329,-1.34218955,-0.18026537,0.14745244
0.97974825,-1.23694909,0.23159152,1.19557083
-0.3007386,-0.83202964,0.82881981,0.0315703
0.40326622,0.31123868,-0.20410949,1.34059405
-2.69644785,3.27574396,0.,-0.84378058
4,4
0.10237914,1.21605802,1.59218132,0.26946121
-0.10355252,0.51840317,-0.92411143,0.62662697
0.18331009,0.08329535,-0.66312236,-0.29489994
-0.30108309,0.96508747,0.45447457,1.19251072
0,-1.00430083,-2.42677784,-0.98754328
4,1
-0.47841233
1.2020781
1.82846379
0.88376051
-0.84968352