2,4
0.4959476,-0.09422087,-0.59551781,-0.06931631
0.0013864,0.86905485,0.00334152,-0.69004369
-0.61768919,-1.94696736,-1.32568514,-1.52549887
4,4
0.33933252,0.03839545,0.77689171,0.35342127
0.36677012,-0.04464125,-0.22693202,0.30000383
0.39956793,-0.75963575,0.73428863,-0.03309571
0.45695221,-0.63586295,-0.27942675,0.37756601
0.00189482,-0.26841146,-0.83809441,-0.80886406
4,4
-0.33795089,-0.67142498,0.86760062,-0.82352859
-0.23058188,-0.11469895,-0.48649001,0.55928802
-0.33475155,0.15735036,0.51803458,0.28691858
-0.75202185,-0.21152115,0.65262002,0.3950395
0,0,0.00190574,-0.29342839
4,4
-0.83791113,0.77916914,0.74800938,0.22504371
0.13281089,-0.69645345,0.86026722,-0.2707696
1.31817019,-0.23653378,1.12603521,-0.6467452
-0.0630592,0.37225211,-0.35665345,-0.8184253
0.00192684,-0.1195105,0.00211092,0
4,4
-0.70463157,0.20328034,0.94402933,0.27924681
-0.78293574,-0.38922846,-0.43846074,-0.69946349
-0.02390152,1.2671715,0.96784365,0.47175217
0.59345526,-0.79365641,-0.12755936,-0.34435767
0,0.00254953,0.00245888,-2.05599666
4,4
-0.63666296,-0.73091167,0.47045809,-0.41135764
-0.66448528,0.44780073,1.23567021,1.08439255
-0.39774221,1.19596684,0.99799716,1.20303011
0.81729221,0.91594595,2.15061545,1.52883017
-0.00316216,0.00263276,0.00256787,0.00275622
4,4
0.78898364,0.40053934,-0.03379363,0.76482803
0.77240986,0.99626386,0.47761416,0.77064252
0.79656202,1.14537716,-0.04570536,-0.58247131
1.19041646,0.94433039,-0.5753969,-0.68704736
0.00265348,0.00247173,-0.02529821,-0.00948671
4,1
1.64149427
0.76272321
-0.36309004
-0.01918218
3.81112432