2,3
-0.34335899,1.27319133,-0.58794641
0.77527994,-0.1571665,-0.72111273
1.44869924,2.48208499,2.87095976
3,3
0.24507181,-0.03707469,0.9510994
1.02156055,0.2579771,0.15334216
0.47514561,0.53247488,0.19657345
-2.46941042,-1.92177498,-1.85395074
3,3
-0.50785708,0.85867691,0.37836722
2.05941844,-1.24105346,1.4678539
1.17255807,0.91264027,0.34326532
-1.414469,-3.01357126,-2.84090614
3,3
-0.99554443,0.94286102,2.29601932
-0.74508381,1.0059942,2.65002608
-0.42911172,0.80248463,2.27297044
0,-7.62369394,0.02065288
3,1
0.35137117
3.78422952
3.20778656
2.32885194