2,4
-0.0021206,0.49652636,-1.38031077,0.77317357
-0.03577978,0.92674994,-0.03462467,-1.24555337
-0.38283083,-0.15723608,-0.38404834,0.33238876
4,4
-0.19804507,-0.45658651,0.05625702,0.50902158
-0.82979453,0.1579712,0.38926944,-0.66198236
-0.18434864,0.12903626,0.30649298,0.00295852
-0.20210999,0.25702095,0.10745211,-0.54128879
0,-0.61678571,-0.54856133,-0.09973382
4,4
-0.6590178,0.20607847,-0.01337886,0.12701136
1.47027063,1.11931622,-0.00895089,0.59050041
1.56427705,0.88651848,-0.32389253,0.54956603
-0.48804343,0.70779222,0.24921136,-0.06523632
-0.13114138,-1.79614997,-0.03520296,-1.73510063
4,4
-0.72688895,-0.38709286,0.30249432,2.00045872
-0.06102097,0.15350433,-0.03408798,1.66220891
-0.55743134,-0.82852668,0.52832341,-0.68397778
0.56802756,-0.17748347,1.18614018,2.33002186
-0.03164392,-0.01935746,-3.06046367,0.04962034
4,4
0.73670107,-0.70924157,0.41942734,0.42474312
0.01026614,0.2267437,0.47845459,-0.28894681
2.0739696,-0.9303956,0.37042201,-0.38950416
2.13495421,0.05738664,-0.19694862,-0.42616469
0.0537159,-0.00520885,-0.12967309,0
4,1
2.57354259
-2.42682028
-0.56534523
0.66080308
1.72094715