2,3
0.64091426,-0.56369525,-0.3509154
-0.17065819,-0.6096487,0.99936646
0.39402789,1.89708543,0.79895872
3,3
0.44433254,0.22234818,-0.11385139
0.11498757,0.20883141,0.66402149
0.27364036,0.14221562,-0.11008199
-0.63787711,-1.66342771,-1.84610546
3,3
-0.0720036,1.06152523,1.32639015
-0.04277515,-0.12697671,1.82421911
-0.77820826,-0.24486956,0.65255445
0,-1.41222143,-0.18966623
3,3
0.25218654,-0.58124423,-0.32498264
1.33292103,0.24002218,0.61477375
1.3197546,-0.28693986,-0.85056019
-0.16988841,0,0
3,3
-0.62037349,2.10827923,-0.72034931
-0.61879325,-0.58708072,0.56250787
0.97470474,0.61169195,-0.25055027
0,-0.15330939,0
3,3
0.85177946,0.25376534,0.10762429
-0.78091407,1.51483345,1.72735274
-0.74707055,0.39103341,-0.39209151
0,-0.23554642,-0.10241338
3,3
-0.2933507,-0.28343964,0.97000241
0.19769454,0.29573804,1.34851551
-0.66618061,-0.25278643,1.74771821
0,-0.2568014,-0.08375875
3,1
-0.95078492
-0.21733126
1.73813236
2.83399391