2,3
0.07495484,-0.94664615,0.74246407
0.84619045,-0.5047788,-0.60470575
0.93553698,1.89236343,2.11045337
3,3
0.42504391,0.49907649,0.26228598
0.41337493,-0.34051353,0.18701626
0.07134754,0.86638379,0.28270116
-0.83646989,-0.29135355,-2.31899047
3,3
1.63918746,-1.94409728,-0.23335637
0.44332665,0.72354686,-0.04939389
0.86120254,3.15651608,-0.52832121
-1.53100324,-1.7788347,1.17022336
3,3
1.48778236,1.25050843,1.42340767
0.01053277,-1.44075036,0.98756564
1.96645236,-0.26272815,1.80192852
-2.00586772,-3.7594533,-1.33245277
3,3
2.23449373,0.86043209,0.42398882
1.91038716,1.38503945,-0.95418978
2.54731297,1.24089229,-0.45478106
-0.83417815,-4.30385303,0
3,1
2.0099895
1.61058819
-0.12127566
0.70664942