2,3
-0.19105645,1.08140385,-0.62751192
-0.54878998,0.24835932,0.64249545
0.65232956,2.19012141,1.76902974
3,3
-0.27659768,0.41828415,0.51519597
0.47447109,0.09107029,0.2644636
0.22714274,0.40411451,-0.22396663
-2.05259347,-1.0477736,-0.64984071
3,3
-0.05766264,0.52790523,0.33463752
-0.15465565,1.50849533,1.01983225
0.05675961,1.24847686,0.47779787
0.03033414,-0.52936864,-1.79329205
3,3
-3.20248342,-0.51712775,-0.13206434
1.61411369,-0.844033,-1.25077009
2.04579878,0.41299412,0.45314789
-0.46824175,-0.49705487,-0.53190273
3,3
-0.40132332,2.27985835,0.57534951
-0.67431235,-0.55947083,0.54253763
-0.41542315,-0.15227799,0.94162321
0,-0.02557748,-6.45597887
3,3
0.31743217,-0.4276557,-0.34247279
-0.05544474,-0.9239496,1.79141939
0.12063619,0.67422563,2.10461593
-0.43002173,-0.05001406,-0.00473325
3,1
-0.77502459
-0.8108868
2.30365872
3.20842457